$ANSIBLE_VAULT;1.1;AES256
35616430356561666338356339613464346562383430313335396234333735653364646635633130
3936383232336461383465663166353531356430396430380a646636643664393662636536393734
34636334333763323665633531376633653065643530356535366130623338613433616563623032
3039353833336538340a393636326332623237646461383732613161663266396166363934356230
30656163636562396363623036343832663566363738343135353361613565313439376362653432
63303231303235383466643961316564386662306335626363313134356336646539613634653466
36643135343861306132303733323464666438633732396465656638666132346664336162313337
65336233336535643062343636356566643132313561373961656161613032376534643835346264
65393666353232303530363235623635313832343930326235643063633434366530343764306364
61303738366337623363633034656533666137343537326137346338303461663438653838616530
65656166306161373062306134666566633364656332366637386562363166633037613665373136
61636630303832383031373266623734383462636466633938333861323065323031613165353761
35646235646330326537303930366162333438343631616133666239326436666236313566663339
30323032643165343962393336626438383165336364633436376530316237386361393664336537
386262353436303662343033383733393464
